Pickup_borough,Dropoff_borough,Pickup_Day,Pickup_slot,PassengerDriverBrownie,TimeBrownie,FareBrownie
3,3,1,4,7.26,62.0,67.0
1,1,2,3,12.870000000000001,12.0,10.0
3,1,7,1,13.200000000000001,52.0,54.0
3,2,7,1,16.169999999999998,63.0,66.0
3,1,5,4,7.26,70.0,83.0
3,3,7,1,14.52,31.0,27.0
3,5,7,1,7.26,63.0,64.0
1,1,1,1,8.58,15.0,11.0
1,1,6,3,12.209999999999999,30.0,18.0
2,2,1,2,7.26,12.0,9.0
3,1,1,3,7.26,50.0,52.0
1,1,2,2,13.200000000000001,31.0,15.0
1,2,2,2,7.26,25.0,25.0
1,1,7,4,14.52,16.0,13.0
1,1,6,2,14.52,20.0,11.0
3,2,2,4,14.52,58.0,75.0
2,2,1,1,7.26,15.0,12.0
3,3,1,2,7.26,28.0,25.0
1,1,2,1,10.56,21.0,14.0
1,3,2,1,10.89,76.0,62.0
1,1,6,1,7.26,15.0,10.0
1,2,6,1,29.37,59.0,49.0
5,5,7,1,18.48,9.0,35.0
1,1,7,2,15.180000000000001,17.0,13.0
1,2,7,2,10.89,26.0,18.0
2,2,2,1,7.26,6.0,7.0
3,1,2,2,14.52,66.0,52.0
1,2,4,3,7.26,81.0,38.0
2,3,6,1,7.26,46.0,31.0
1,1,1,4,17.16,20.0,13.0
1,3,3,1,7.26,50.0,14.0
1,2,1,4,7.26,30.0,20.0
1,1,7,1,18.48,21.0,15.0
1,2,7,1,18.48,48.0,33.0
1,3,7,1,18.150000000000002,51.0,50.0
1,4,7,1,7.26,100.0,100.0
1,5,7,1,17.16,53.0,45.0
2,2,7,2,14.52,21.0,13.0
1,1,4,2,18.48,26.0,14.0
1,1,1,3,11.22,21.0,13.0
3,1,6,1,7.26,35.0,83.0
2,1,1,4,7.26,42.0,26.0
2,1,7,1,15.51,48.0,32.0
2,2,7,1,12.540000000000001,28.0,21.0
2,3,7,1,9.9,55.0,52.0
1,1,4,1,10.89,32.0,16.0
1,1,2,4,14.52,8.0,9.0
3,1,7,2,7.26,40.0,37.0
3,3,7,2,33.0,19.0,14.0
3,5,7,2,7.26,69.0,86.0
1,1,1,2,13.53,19.0,12.0
1,3,1,2,22.110000000000003,81.0,57.0
1,1,6,4,9.9,17.0,12.0
1,2,6,4,22.110000000000003,28.0,19.0
3,1,1,4,10.89,53.0,50.0
