Pickup_borough,Dropoff_borough,Pickup_Day,Pickup_slot,PassengerDriver,TimeMid,FareMid
3,3,1,4,1.0,0.62,0.67
1,1,2,3,1.75,0.12,0.1
3,1,7,1,1.78,0.52,0.54
3,2,7,1,2.2,0.63,0.66
3,1,5,4,1.0,0.7,0.83
3,3,7,1,1.97,0.31,0.27
3,5,7,1,1.0,0.63,0.64
1,1,1,1,1.18,0.15,0.11
1,1,6,3,1.67,0.3,0.18
2,2,1,2,1.0,0.12,0.09
3,1,1,3,1.0,0.5,0.52
1,1,2,2,1.8,0.31,0.15
1,2,2,2,1.0,0.25,0.25
1,1,7,4,2.0,0.16,0.13
1,1,6,2,2.0,0.2,0.11
3,2,2,4,2.0,0.58,0.75
2,2,1,1,1.0,0.15,0.12
3,3,1,2,1.0,0.28,0.25
1,1,2,1,1.44,0.21,0.14
1,3,2,1,1.5,0.76,0.62
1,1,6,1,1.0,0.15,0.1
1,2,6,1,4.0,0.59,0.49
5,5,7,1,2.5,0.09,0.35
1,1,7,2,2.09,0.17,0.13
1,2,7,2,1.5,0.26,0.18
2,2,2,1,1.0,0.06,0.07
3,1,2,2,2.0,0.66,0.52
1,2,4,3,1.0,0.81,0.38
2,3,6,1,1.0,0.46,0.31
1,1,1,4,2.33,0.2,0.13
1,3,3,1,1.0,0.5,0.14
1,2,1,4,1.0,0.3,0.2
1,1,7,1,2.5,0.21,0.15
1,2,7,1,2.51,0.48,0.33
1,3,7,1,2.48,0.51,0.5
1,4,7,1,1.0,1.0,1.0
1,5,7,1,2.36,0.53,0.45
2,2,7,2,2.0,0.21,0.13
1,1,4,2,2.5,0.26,0.14
1,1,1,3,1.54,0.21,0.13
3,1,6,1,1.0,0.35,0.83
2,1,1,4,1.0,0.42,0.26
2,1,7,1,2.1,0.48,0.32
2,2,7,1,1.72,0.28,0.21
2,3,7,1,1.33,0.55,0.52
1,1,4,1,1.5,0.32,0.16
1,1,2,4,2.0,0.08,0.09
3,1,7,2,1.0,0.4,0.37
3,3,7,2,4.5,0.19,0.14
3,5,7,2,1.0,0.69,0.86
1,1,1,2,1.83,0.19,0.12
1,3,1,2,3.0,0.81,0.57
1,1,6,4,1.33,0.17,0.12
1,2,6,4,3.0,0.28,0.19
3,1,1,4,1.5,0.53,0.5
