Pickup_Day,Pickup_slot,Pickup_borough,Dropoff_borough,noOfDrivers,AvgTime,PassengerCount,AvgTripFare,MaxTotalAmount,MaxTripTime
1,4,3,3,1,1457.0,1,46.0,46,1457
2,3,1,1,4,284.0,7,6.75,9,453
7,1,3,1,60,1227.0,107,37.05,68,2160
7,1,3,2,10,1465.0,22,45.58,74,1980
5,4,3,1,1,1640.0,1,57.0,57,1640
7,1,3,3,30,716.0,59,18.6,51,3000
7,1,3,5,2,1470.0,2,44.0,54,1500
1,1,1,1,11,340.83,13,7.42,11,612
6,3,1,1,6,699.17,10,12.33,19,959
1,2,2,2,1,277.0,1,6.0,6,277
1,3,3,1,1,1179.0,1,36.0,36,1179
2,2,1,1,15,714.45,27,10.4,20,1680
2,2,1,2,1,584.0,1,17.0,17,584
7,4,1,1,1,375.0,2,9.0,12,508
6,2,1,1,1,462.5,2,7.5,8,539
2,4,3,2,1,1361.0,2,52.0,52,1361
1,1,2,2,1,340.0,1,8.0,8,340
1,2,3,3,1,660.0,1,17.0,17,660
2,1,1,1,16,480.21,23,9.37,22,1191
2,1,1,3,2,1787.5,3,42.5,57,2317
6,1,1,1,2,340.0,2,7.0,8,403
6,1,1,2,1,1387.0,4,34.0,34,1387
7,1,5,5,2,210.0,5,24.0,40,360
7,2,1,1,224,396.32,468,8.93,53,960
7,2,1,2,2,600.0,3,12.5,14,720
2,1,2,2,1,145.0,1,5.0,5,145
2,2,3,1,1,1537.0,2,36.0,36,1537
4,3,1,2,1,1896.0,1,26.0,26,1896
6,1,2,3,2,1081.0,2,21.5,22,1361
1,4,1,1,6,479.0,14,9.1,14,851
3,1,1,3,2,1159.0,2,10.0,12,1576
1,4,1,2,1,695.0,1,14.0,14,695
7,1,1,1,1066,480.07,2660,10.64,70,2640
7,1,1,2,71,1132.39,178,23.07,57,2760
7,1,1,3,117,1189.74,290,34.24,70,2580
7,1,1,4,1,2340.0,1,69.0,69,2340
7,1,1,5,11,1249.09,26,30.82,46,2580
7,2,2,2,2,480.0,4,9.0,9,480
4,2,1,1,10,616.68,25,9.79,22,1643
1,3,1,1,13,496.43,20,9.29,17,1094
6,1,3,1,1,808.0,1,57.0,57,808
1,4,2,1,1,976.0,1,18.0,18,976
7,1,2,1,21,1125.71,44,22.38,44,1860
7,1,2,2,32,645.0,55,14.78,46,1560
7,1,2,3,6,1280.0,8,35.83,48,2040
4,1,1,1,4,745.2,6,11.2,16,1375
2,4,1,1,1,188.0,2,6.0,6,188
7,2,3,1,3,940.0,3,25.33,36,1500
7,2,3,3,2,450.0,9,10.0,10,480
7,2,3,5,1,1620.0,1,59.0,59,1620
1,2,1,1,6,451.22,11,8.22,14,957
1,2,1,3,1,1898.0,3,39.0,39,1898
6,4,1,1,3,391.33,4,8.33,12,587
6,4,1,2,1,650.0,3,13.0,13,650
1,4,3,1,2,1245.5,3,34.5,35,1301
